47520,34396,33885 
47463,34399,33870 
47482,34388,33886 
47501,34412,33890 
47456,34419,33900 
47426,34406,33906 
47439,34413,33902 
47397,34415,33875 
47206,34435,34013 
47220,34433,34022 
47171,34439,34003 
47198,34448,34024 
47186,34429,34023 
47142,34439,34039 
47132,34417,34038 
47139,34433,34045 
47079,34426,34071 
47092,34435,34080 
47074,34459,34064 
47074,34446,34062 
47098,34455,34073 
47081,34439,34060 
47080,34425,34077 
47074,34444,34070 
47054,34455,34090 
47021,34437,34100 
47041,34422,34102 
47042,34437,34100 
47007,34420,34101 
47006,34428,34102 
46992,34436,34103 
46979,34420,34122 
46936,34423,34111 
46936,34433,34128 
46963,34423,34131 
46973,34407,34128 
46933,34428,34138 
46959,34424,34129 
46928,34445,34130 
46913,34421,34135 
46921,34432,34149 
46925,34427,34162 
46926,34398,34152 
46922,34404,34141 
46927,34397,34146 
46956,34405,34170 
46960,34396,34161 
46933,34410,34167 
46920,34423,34174 
46911,34410,34178 
46912,34402,34147 
46908,34407,34164 
46906,34398,34160 
46920,34377,34158 
46904,34414,34164 
46902,34401,34176 
46950,34390,34158 
46945,34376,34155 
46924,34366,34144 
46925,34394,34137 
46927,34384,34151 
46949,34387,34145 
46964,34373,34121 
46955,34384,34140 
46933,34383,34121 
46961,34356,34127 
46972,34371,34110 
46972,34351,34121 
46986,34368,34130 
46976,34376,34108 
46965,34377,34119 
46949,34372,34109 
46969,34367,34089 
46986,34360,34092 
46997,34362,34094 
46994,34356,34075 
47001,34356,34072 
46996,34322,34083 
47008,34352,34061 
47032,34336,34049 
47022,34333,34060 
47017,34316,34074 
47036,34321,34068 
47036,34316,34072 
47046,34313,34079 
47043,34327,34060 
47038,34330,34052 
47047,34313,34048 
47090,34305,34050 
47068,34289,34043 
47066,34287,34047 
47103,34274,34059 
47080,34279,34055 
47065,34270,34013 
47089,34268,34043 
47089,34280,34057 
47105,34273,34033 
47103,34262,34042 
47109,34258,34034 
47134,34257,34034 
47112,34242,34036 
47118,34239,34022 
47118,34251,34003 
47145,34261,34029 
47153,34246,34037 
47156,34238,34018 
47131,34234,34014 
47163,34197,34020 
47163,34183,34022 
47190,34207,34020 
47182,34198,34032 
47164,34193,34020 
47168,34205,34010 
47187,34180,34003 
47159,34188,34015 
47157,34187,34026 
47173,34174,34008 
47173,34161,34010 
47174,34156,34015 
47148,34165,34011 
47172,34152,34018 
47170,34172,34015 
47159,34166,33998 
47151,34146,34026 
47172,34148,34029 
47179,34134,34016 
47189,34131,34005 
47187,34131,34013 
47188,34111,34024 
47180,34102,34041 
47183,34144,34022 
47190,34104,34015 
47185,34095,34013 
47159,34077,34025 
47162,34095,34017 
47167,34105,34024 
47161,34065,34014 
47170,34094,34032 
47135,34072,34033 
47137,34056,34040 
47110,34049,34039 
47106,34060,34034 
47103,34066,34049 
47135,34063,34045 
47111,34044,34035 
47107,34039,34046 
47117,34033,34053 
47091,34044,34055 
47079,34067,34053 
47069,34051,34059 
47065,34042,34065 
47045,34055,34042 
47030,34021,34034 
47040,34044,34039 
47024,34016,34049 
46996,34021,34074 
46987,34035,34065 
47009,34037,34055 
47008,34022,34040 
46984,34025,34067 
46980,34017,34045 
46955,34014,34066 
46940,34012,34047 
46927,34020,34059 
46925,34042,34064 
46951,34022,34071 
46923,34036,34054 
46890,34025,34046 
46882,34015,34043 
46879,34026,34064 
46859,34031,34049 
46836,34038,34035 
46833,34017,34045 
46817,34021,34043 
46818,34017,34055 
46807,34034,34043 
46795,34029,34055 
46757,34034,34060 
46772,34020,34053 
46749,34043,34056 
46737,34032,34050 
46700,34063,34047 
46689,34082,34020 
46685,34071,34031 
46658,34053,34040 
46657,34067,34025 
46664,34059,34031 
46642,34090,34041 
46624,34111,34062 
46633,34106,34045 
46600,34087,34005 
46594,34099,34033 
46591,34115,34033 
46599,34126,34029 
46598,34123,34035 
46570,34126,34016 
46541,34131,34032 
46499,34155,34011 
46473,34148,34029 
46506,34154,34030 
46484,34168,34010 
46465,34165,34027 
46433,34181,34023 
46410,34201,34000 
46409,34219,34008 
46358,34265,34003 
46351,34244,34000 
46332,34251,33992 
46334,34261,34013 
46327,34294,34014 
46306,34304,34029 
46284,34300,33996 
46296,34308,33987 
46279,34309,33995 
46253,34321,33986 
46237,34340,33991 
46207,34347,33994 
46194,34363,33984 
46202,34339,33983 
46166,34387,33985 
46167,34380,33985 
46156,34393,33993 
46134,34380,33988 
46149,34383,33996 
46112,34399,33981 
46093,34409,34009 
46056,34410,34014 
46073,34406,34001 
46090,34431,34006 
46043,34433,34006 
46022,34445,33997 
46027,34444,33987 
46017,34461,33994 
45999,34485,34003 
45965,34472,34013 
45963,34467,34008 
45966,34476,34007 
45940,34487,33997 
45910,34514,34004 
45905,34472,33997 
45903,34485,33997 
45866,34499,33987 
45842,34521,33998 
45839,34515,34010 
45857,34523,34031 
45857,34516,34024 
45856,34533,34015 
45826,34555,33997 
45791,34560,34033 
45783,34555,34007 
45785,34556,34013 
45767,34561,34033 
45742,34557,34016 
45716,34563,34015 
45723,34571,34005 
45715,34558,34030 
45711,34544,34044 
45679,34560,34021 
45675,34560,34022 
45653,34553,34010 
45627,34568,34018 
45615,34569,34025 
45579,34571,34040 
45585,34591,34044 
45548,34592,34064 
45541,34573,34047 
45549,34581,34033 
45519,34564,34027 
45493,34586,34041 
45475,34609,34034 
45320,34608,34035 
45337,34571,34049 
45319,34566,34050 
45303,34568,34058 
45316,34570,34040 
45301,34581,34053 
45300,34556,34055 
45262,34573,34047 
45246,34585,34049 
45234,34581,34067 
45222,34575,34063 
45206,34575,34067 
45203,34576,34068 
45193,34585,34056 
45171,34581,34047 
45147,34555,34047 
45137,34576,34050 
45128,34561,34048 
45105,34590,34053 
45129,34584,34051 
45095,34541,34051 
45085,34569,34058 
45051,34559,34052 
45021,34548,34073 
45052,34543,34061 
45030,34563,34047 
45025,34552,34066 
45005,34550,34076 
44992,34516,34044 
44959,34528,34067 
44983,34517,34034 
44975,34535,34058 
44955,34533,34064 
44950,34538,34068 
44919,34532,34098 
44928,34513,34085 
44921,34509,34064 
44918,34504,34080 
44924,34501,34062 
44895,34494,34060 
44917,34480,34069 
44874,34479,34064 
44868,34491,34058 
44871,34508,34076 
44854,34516,34066 
44819,34490,34075 
44807,34503,34075 
44846,34501,34055 
44805,34488,34078 
44795,34507,34075 
44790,34508,34070 
44772,34506,34056 
44807,34513,34085 
44782,34484,34067 
44757,34500,34064 
44756,34484,34083 
44753,34478,34074 
44701,34473,34079 
44692,34475,34080 
44698,34442,34068 
44729,34464,34074 
44741,34461,34072 
44703,34466,34069 
44709,34464,34063 
44710,34461,34073 
44661,34451,34081 
44661,34435,34074 
44637,34427,34094 
44657,34443,34105 
44630,34435,34095 
44642,34425,34101 
44642,34433,34095 
44630,34428,34079 
44633,34421,34089 
44604,34407,34123 
44604,34410,34098 
44589,34417,34084 
44597,34403,34065 
44600,34397,34066 
44621,34413,34090 
44594,34423,34090 
44580,34396,34104 
44588,34392,34104 
44578,34403,34095 
44567,34404,34081 
44548,34401,34103 
44543,34381,34112 
44549,34397,34118 
44557,34365,34097 
44534,34358,34117 
44508,34358,34123 
44514,34346,34133 
44488,34332,34132 
44510,34340,34107 
44537,34323,34123 
44526,34320,34127 
44516,34316,34137 
44482,34290,34126 
44479,34303,34109 
44437,34293,34124 
44432,34292,34132 
44445,34289,34138 
44464,34279,34145 
44450,34263,34135 
44457,34273,34135 
44443,34288,34119 
44405,34278,34102 
44415,34275,34109 
44418,34268,34119 
44406,34252,34114 
44379,34231,34126 
44364,34257,34105 
44340,34231,34113 
44342,34240,34129 
44360,34228,34111 
44363,34213,34124 
44361,34208,34134 
44362,34201,34131 
44361,34196,34117 
44360,34183,34117 
44350,34214,34102 
44344,34204,34101 
44322,34183,34103 
44356,34194,34088 
44346,34193,34120 
44349,34193,34099 
44322,34189,34087 
44297,34161,34105 
44313,34180,34104 
44336,34171,34108 
44348,34172,34116 
44326,34145,34103 
44319,34167,34081 
44310,34178,34101 
44279,34183,34095 
44252,34181,34080 
44271,34180,34100 
44276,34170,34079 
44260,34174,34089 
44263,34183,34065 
44246,34176,34071 
44243,34179,34052 
44253,34174,34066 
44256,34176,34047 
44252,34195,34057 
44232,34181,34071 
44247,34212,34056 
44264,34208,34075 
44259,34208,34044 
44246,34205,34053 
44245,34206,34061 
44273,34220,34045 
44265,34237,34069 
44283,34224,34055 
44243,34246,34044 
44244,34213,34055 
44264,34254,34062 
44247,34250,34029 
44208,34245,34018 
44217,34241,34033 
44223,34252,34037 
44205,34268,34039 
44226,34256,34062 
44248,34248,34050 
44220,34260,34047 
44211,34294,34050 
44234,34298,34056 
44247,34295,34048 
44243,34297,34058 
44229,34291,34063 
44256,34283,34044 
44261,34294,34043 
44209,34310,34060 
44198,34315,34064 
44211,34321,34051 
44196,34315,34052 
44217,34334,34062 
44221,34330,34073 
44226,34355,34071 
44233,34351,34073 
44208,34353,34071 
44199,34344,34065 
44214,34328,34074 
44247,34332,34070 
44222,34364,34088 
44209,34362,34094 
44214,34335,34095 
44237,34356,34108 
44261,34343,34087 
44248,34345,34073 
44214,34375,34087 
44244,34365,34093 
44217,34366,34109 
44203,34387,34103 
44205,34364,34106 
44201,34369,34106 
44218,34371,34132 
44207,34397,34123 
44227,34365,34129 
44241,34375,34132 
44195,34371,34114 
44196,34368,34139 
44227,34393,34123 
44242,34359,34143 
44232,34361,34131 
44236,34359,34144 
44215,34348,34136 
44255,34356,34140 
44286,34370,34158 
44294,34349,34157 
44267,34341,34140 
44271,34345,34181 
44275,34343,34175 
44286,34348,34174 
44319,34369,34169 
44304,34359,34146 
44302,34339,34151 
44283,34337,34155 
44293,34351,34141 
44297,34327,34139 
44292,34353,34153 
44293,34338,34174 
44296,34331,34154 
44311,34319,34168 
44313,34328,34165 
44345,34342,34160 
44364,34328,34151 
44374,34335,34142 
44364,34333,34150 
44363,34335,34160 
44359,34332,34158 
44382,34326,34166 
44399,34312,34152 
44383,34328,34146 
44378,34313,34168 
44419,34313,34155 
44462,34296,34161 
44440,34280,34146 
44437,34304,34157 
44472,34285,34153 
44451,34306,34145 
44455,34322,34128 
44476,34305,34138 
44458,34304,34127 
44521,34328,34135 
44492,34317,34115 
44491,34329,34119 
44510,34324,34117 
44528,34307,34119 
44574,34303,34111 
44566,34306,34118 
44543,34316,34113 
44554,34321,34092 
44557,34305,34108 
44566,34320,34099 
44575,34325,34100 
44547,34320,34074 
44554,34314,34081 
44570,34326,34078 
44573,34328,34063 
44573,34337,34081 
44601,34339,34065 
44631,34327,34079 
44614,34338,34055 
44612,34345,34073 
44611,34347,34076 
44608,34343,34071 
44593,34348,34095 
44601,34359,34098 
44623,34345,34072 
44651,34323,34085 
44634,34342,34083 
44621,34351,34070 
44651,34349,34084 
44643,34374,34065 
44638,34352,34047 
44640,34345,34070 
44630,34360,34064 
44650,34356,34061 
44644,34346,34067 
44623,34336,34043 
44613,34358,34057 
44625,34338,34061 
44629,34343,34068 
44623,34340,34065 
44633,34337,34043 
44663,34347,34049 
44650,34350,34051 
44675,34345,34057 
44626,34338,34062 
44652,34327,34053 
44668,34333,34054 
44667,34340,34053 
44652,34329,34043 
44672,34326,34023 
44678,34331,34042 
44691,34322,34028 
44714,34284,34035 
44728,34303,34043 
44690,34313,34018 
44701,34303,34033 
44713,34288,34041 
44711,34304,34033 
44738,34306,34026 
44750,34302,34042 
44716,34286,34030 
44701,34287,34009 
44714,34264,34006 
44735,34281,34016 
44750,34264,34013 
44764,34251,33998 
44803,34273,34017 
44821,34282,34028 
44777,34277,34007 
44809,34262,34020 
44817,34244,33996 
44821,34236,33969 
44846,34252,33988 
44851,34264,33995 
44846,34214,33966 
44881,34212,33956 
44881,34206,33967 
44877,34191,33959 
44917,34212,33941 
44937,34213,33934 
44943,34199,33937 
44957,34181,33933 
44970,34190,33927 
45006,34197,33928 
45024,34170,33916 
45017,34205,33924 
45044,34191,33935 
45037,34196,33942 
45042,34200,33919 
45048,34172,33924 
45057,34193,33926 
45068,34195,33927 
45084,34190,33918 
45067,34212,33910 
45082,34182,33910 
45096,34200,33903 
45091,34211,33897 
45113,34184,33880 
45130,34228,33883 
45151,34200,33870 
45154,34195,33864 
45154,34195,33862 
45156,34203,33854 
45193,34201,33866 
45208,34175,33864 
45198,34187,33854 
45213,34191,33861 
45226,34215,33841 
45236,34204,33842 
45234,34220,33845 
45225,34206,33844 
45227,34182,33843 
45262,34214,33819 
45236,34205,33832 
45258,34216,33848 
45240,34244,33838 
45239,34256,33847 
45281,34239,33831 
45248,34233,33847 
45230,34233,33846 
45217,34260,33851 
45224,34258,33859 
45234,34258,33862 
45229,34254,33878 
45228,34248,33867 
45231,34241,33866 
45222,34278,33854 
45210,34270,33860 
45220,34269,33868 
45229,34268,33877 
45223,34272,33884 
45250,34280,33897 
45224,34273,33893 
45192,34292,33906 
45165,34291,33902 
45148,34284,33914 
45185,34285,33926 
45182,34284,33915 
45152,34295,33930 
45170,34306,33959 
45164,34303,33961 
45171,34319,33951 
45156,34326,33961 
45145,34316,33972 
45126,34316,33976 
45147,34319,33969 
45157,34315,33982 
45154,34326,33995 
45143,34323,33995 
45114,34333,33997 
45110,34353,34028 
45115,34350,34024 
45113,34348,34015 
45107,34366,34027 
45056,34405,34019 
45108,34376,34012 
45125,34385,34030 
45102,34394,34038 
45117,34374,34047 
45103,34399,34069 
45103,34392,34046 
45133,34389,34052 
45124,34384,34058 
45097,34388,34088 
45127,34421,34099 
45174,34419,34086 
45174,34418,34081 
45178,34434,34093 
45167,34440,34086 
45197,34426,34113 
45169,34438,34098 
45161,34443,34117 
45183,34434,34125 
45182,34445,34126 
45190,34434,34116 
45191,34444,34125 
45211,34465,34112 
45214,34459,34116 
45212,34458,34131 
45223,34485,34137 
45242,34464,34147 
45233,34468,34168 
45277,34477,34176 
45267,34487,34148 
45280,34482,34153 
45301,34457,34161 
45316,34486,34159 
45326,34489,34178 
45370,34494,34176 
45359,34487,34187 
45354,34485,34201 
45366,34469,34190 
45397,34476,34193 
45410,34473,34201 
45405,34473,34198 
45432,34479,34207 
45434,34458,34199 
45427,34478,34188 
45439,34489,34198 
45446,34481,34199 
45453,34489,34224 
45481,34499,34215 
45493,34495,34215 
45494,34490,34226 
45515,34464,34216 
45538,34483,34191 
45574,34479,34206 
45567,34484,34198 
45528,34504,34200 
45564,34481,34231 
45592,34478,34227 
45610,34468,34241 
45602,34486,34222 
45622,34486,34241 
45627,34470,34231 
45640,34473,34223 
45639,34502,34211 
45672,34487,34221 
45686,34457,34194 
45700,34469,34201 
45680,34471,34216 
45721,34478,34212 
45742,34488,34196 
45738,34476,34212 
45752,34474,34193 
45803,34477,34198 
45802,34503,34195 
45798,34496,34195 
45798,34488,34207 
45829,34493,34202 
45872,34493,34195 
45866,34484,34194 
45851,34470,34193 
45865,34499,34205 
45882,34495,34193 
45856,34456,34181 
45891,34483,34200 
45934,34499,34198 
45958,34495,34179 
45921,34479,34175 
45920,34465,34174 
45977,34476,34167 
45971,34487,34154 
45969,34488,34150 
46006,34478,34158 
46013,34492,34156 
46016,34487,34136 
46046,34495,34151 
46045,34516,34166 
46087,34518,34165 
46062,34516,34165 
46047,34502,34137 
46061,34489,34158 
46065,34492,34155 
46095,34487,34161 
46095,34506,34159 
46113,34511,34164 
46166,34496,34127 
46165,34516,34142 
46147,34517,34137 
46186,34526,34155 
46199,34526,34148 
46212,34530,34155 
46192,34548,34155 
46165,34532,34148 
46177,34552,34125 
46226,34535,34130 
46276,34546,34163 
46272,34527,34141 
46242,34530,34122 
46243,34550,34137 
46263,34555,34117 
46260,34572,34124 
46277,34574,34136 
46286,34578,34128 
46300,34573,34126 
46292,34556,34123 
46330,34567,34111 
46359,34570,34139 
46353,34555,34116 
46347,34570,34119 
46369,34586,34112 
46383,34572,34121 
46380,34584,34103 
46354,34607,34105 
46372,34617,34103 
46397,34617,34081 
46382,34632,34081 
46383,34611,34092 
46435,34649,34074 
46407,34650,34077 
46410,34645,34093 
46419,34658,34070 
46452,34655,34046 
46424,34674,34043 
46395,34680,34018 
46428,34690,34028 
46449,34700,33983 
46442,34719,33931 
46414,34743,33884 
46397,34765,33807 
46356,34829,33700 
46276,34894,33532 
46220,34955,33257 
46097,35049,32848 
45630,35449,31942 
45188,35754,31423 
44740,36068,30970 
44411,36366,30644 
44210,36638,30445 
44111,36887,30369 
44049,37100,30288 
44083,37219,30298 
44350,37303,30397 
44697,37294,30647 
45209,37223,30886 
45807,37092,31163 
46349,36990,31404 
46850,36818,31673 
47148,36618,31921 
47344,36417,32168 
47464,36273,32488 
47494,36163,32748 
47424,36110,32929 
47296,36079,33141 
47162,36109,33273 
47125,36174,33473 
47070,36273,33619 
47059,36324,33791 
47042,36364,33886 
46951,36491,34011 
46924,36555,34100 
46874,36623,34205 
46848,36628,34324 
46877,36634,34461 
46882,36652,34584 
46883,36637,34631 
46881,36585,34759 
46883,36508,34790 
46969,36460,34938 
47025,36374,34961 
47082,36298,35047 
47084,36194,35070 
47107,36148,35119 
47121,36081,35122 
47206,35982,35140 
47233,35929,35155 
47210,35873,35152 
47225,35806,35174 
47272,35732,35186 
47359,35666,35173 
47391,35609,35171 
47378,35542,35198 
47419,35459,35164 
47412,35407,35141 
47397,35339,35139 
47391,35211,35096 
47358,35164,35071 
47342,35068,35043 
47339,34993,35051 
47365,34932,35005 
47347,34865,34967 
47317,34790,34953 
47315,34730,34929 
47302,34692,34914 
47288,34647,34859 
47293,34588,34874 
47177,34544,34839 
47227,34479,34817 
47258,34419,34785 
47208,34371,34770 
47212,34316,34772 
47255,34258,34785 
47256,34210,34826 
47287,34118,34800 
47221,34081,34812 
47251,34008,34821 
47291,33969,34837 
47278,33886,34835 
47290,33826,34884 
47281,33776,34845 
47252,33712,34868 
47269,33668,34844 
47286,33644,34905 
47259,33560,34894 
47254,33527,34875 
47285,33507,34884 
47273,33455,34846 
47258,33465,34848 
47173,33386,34859 
47207,33366,34844 
47222,33342,34830 
47278,33323,34838 
47287,33306,34832 
47262,33270,34813 
47259,33263,34838 
47302,33213,34829 
47276,33231,34822 
47243,33195,34795 
47213,33172,34788 
47189,33184,34778 
47200,33183,34752 
47206,33161,34722 
47179,33148,34727 
47141,33122,34719 
47153,33125,34705 
47129,33109,34715 
47167,33084,34698 
47162,33083,34673 
47121,33073,34656 
47156,33070,34647 
47127,33075,34630 
47093,33072,34606 
47081,33056,34603 
47068,33030,34590 
47059,33041,34568 
47034,33044,34558 
47045,33029,34584 
47025,33008,34581 
47056,32988,34570 
47019,33015,34570 
47042,32975,34534 
47051,32979,34543 
47005,32969,34513 
46966,33004,34496 
46926,32991,34465 
46903,32984,34471 
46882,32998,34469 
46867,33007,34466 
46846,33009,34455 
46841,33030,34452 
46818,33037,34438 
46833,33001,34464 
46842,33046,34461 
46808,33008,34470 
46832,33010,34449 
46832,33003,34454 
46828,33020,34461 
46807,33057,34490 
46784,33006,34480 
46767,33027,34488 
46742,33047,34462 
46739,33057,34484 
46730,33054,34482 
46698,33110,34454 
46703,33103,34439 
46651,33136,34433 
46605,33162,34410 
46602,33175,34409 
46575,33192,34409 
46529,33199,34403 
46544,33229,34399 
46517,33269,34399 
46523,33249,34417 
46507,33257,34448 
46487,33275,34442 
46525,33279,34427 
46518,33280,34438 
46492,33307,34449 
46478,33317,34460 
46483,33312,34442 
46431,33324,34475 
46434,33329,34477 
46407,33350,34471 
46374,33357,34486 
46344,33402,34469 
46313,33402,34474 
46270,33434,34480 
46255,33451,34480 
46220,33434,34454 
46195,33479,34473 
46176,33470,34468 
46159,33497,34448 
46156,33532,34478 
46090,33521,34440 
46098,33545,34435 
46062,33554,34440 
46012,33605,34452 
45996,33590,34465 
45948,33600,34445 
45908,33651,34463 
45899,33628,34444 
45912,33631,34458 
45900,33653,34462 
45864,33698,34453 
